     0.000  4.7460  2.4690
     1.000  4.7930  2.4700
     2.000  4.7990  2.9290
     3.000  5.0450  2.9300
     4.000  5.7210  3.4020
     5.000  5.8790  3.4030
     6.000  6.5040  3.8480
     7.000  6.7080  3.9070
     8.000  6.7250  3.9630
     9.000  6.7739  3.9874
    10.000  6.8227  4.0118
    11.000  6.8716  4.0362
    12.000  6.9205  4.0606
    13.000  6.9693  4.0850
    14.000  7.0182  4.1095
    15.000  7.0670  4.1339
    16.000  7.1159  4.1583
    17.000  7.1648  4.1827
    18.000  7.2136  4.2071
    19.000  7.2625  4.2315
    20.000  7.3114  4.2559
    21.000  7.3602  4.2803
    22.000  7.4091  4.3047
    23.000  7.4580  4.3291
    24.000  7.5068  4.3535
    25.000  7.5557  4.3780
    26.000  7.6045  4.4024
    27.000  7.6534  4.4268
    28.000  7.7023  4.4512
    29.000  7.7511  4.4756
    30.000  7.8000  4.5000
    31.000  7.8000  4.5000
    32.000  7.8000  4.5000
    33.000  7.8000  4.5000
    34.000  7.8000  4.5000
    35.000  7.8000  4.5000
    36.000  7.8000  4.5000
    37.000  7.8000  4.5000
    38.000  7.8000  4.5000
    39.000  7.8000  4.5000
    40.000  7.8000  4.5000
    41.000  7.8000  4.5000
    42.000  7.8000  4.5000
    43.000  7.8000  4.5000
    44.000  7.8000  4.5000
    45.000  7.8000  4.5000
    46.000  7.8000  4.5000
    47.000  7.8000  4.5000
    48.000  7.8000  4.5000
    49.000  7.8000  4.5000
    50.000  7.8000  4.5000
    51.000  7.8000  4.5000
    52.000  7.8000  4.5000
    53.000  7.8000  4.5000
    54.000  7.8000  4.5000
    55.000  7.8000  4.5000
    56.000  7.8000  4.5000
    57.000  7.8000  4.5000
    58.000  7.8000  4.5000
    59.000  7.8000  4.5000
    60.000  7.8000  4.5000
    61.000  7.8000  4.5000
    62.000  7.8000  4.5000
    63.000  7.8000  4.5000
    64.000  7.8000  4.5000
    65.000  7.8000  4.5000
    66.000  7.8000  4.5000
    67.000  7.8000  4.5000
    68.000  7.8000  4.5000
    69.000  7.8000  4.5000
    70.000  7.8000  4.5000
    71.000  7.8000  4.5000
    72.000  7.8000  4.5000
    73.000  7.8000  4.5000
    74.000  7.8000  4.5000
    75.000  7.8000  4.5000
    76.000  7.8000  4.5000
    77.000  7.8000  4.5000
    78.000  7.8000  4.5000
    79.000  7.8000  4.5000
    80.000  7.8000  4.5000
    81.000  7.8000  4.5000
    82.000  7.8000  4.5000
    83.000  7.8000  4.5000
    84.000  7.8000  4.5000
    85.000  7.8000  4.5000
    86.000  7.8000  4.5000
    87.000  7.8000  4.5000
    88.000  7.8000  4.5000
    89.000  7.8000  4.5000
    90.000  7.8000  4.5000
    91.000  7.8000  4.5000
    92.000  7.8000  4.5000
    93.000  7.8000  4.5000
    94.000  7.8000  4.5000
    95.000  7.8000  4.5000
    96.000  7.8000  4.5000
    97.000  7.8000  4.5000
    98.000  7.8000  4.5000
    99.000  7.8000  4.5000
   100.000  7.8000  4.5000
